NOM_PAYS                                 SUM(NOMBRE_SUICIDE)    SUM(POPULATION)        TX_SC                  
---------------------------------------- ---------------------- ---------------------- ---------------------- 
Lithuania                                1718                   5199222                33,96363636363636363636363636363636363636 
Republic of Korea                        13510                  48671752               32,42833333333333333333333333333333333333 
Hungary                                  3629                   17779889               22,66409090909090909090909090909090909091 
Uruguay                                  630                    3190795                22,50166666666666666666666666666666666667 
Slovenia                                 422                    1954632                22,0675                
Latvia                                   387                    1875522                20,95583333333333333333333333333333333333 
Ukraine                                  7574                   40345446               20,39333333333333333333333333333333333333 
Croatia                                  1422                   7568712                20,14727272727272727272727272727272727273 
Kazakhstan                               2872                   15646752               19,835                 
Russian Federation                       25432                  137018943              19,74333333333333333333333333333333333333 
Mongolia                                 423                    2167589                18,439                 
Austria                                  2452                   15704015               17,175                 
Japan                                    23092                  120376310              17,17                  
Serbia                                   1062                   6766406                17,16416666666666666666666666666666666667 
Estonia                                  195                    1243450                17,115                 
Belgium                                  1867                   10624356               16,38833333333333333333333333333333333333 
Cuba                                     1511                   10832068               16,1925                
Czech Republic                           2705                   18919267               15,11954545454545454545454545454545454545 
United States                            44189                  300078511              14,6175                
Poland                                   5420                   36086575               13,91583333333333333333333333333333333333 
Switzerland                              1073                   7892502                13,72166666666666666666666666666666666667 
Finland                                  731                    5181797                13,4325                
Sweden                                   2312                   17240376               13,09727272727272727272727272727272727273 
Australia                                3027                   22240785               12,84833333333333333333333333333333333333 
Iceland                                  80                     577327                 12,66909090909090909090909090909090909091 
Germany                                  10088                  78136683               12,52833333333333333333333333333333333333 
Chile                                    1838                   16565725               12,30666666666666666666666666666666666667 
Netherlands                              3759                   30296896               11,56                  
Norway                                   590                    4882909                11,36916666666666666666666666666666666667 
Romania                                  4181                   35508832               11,35818181818181818181818181818181818182 
Belize                                   26                     319835                 11,28833333333333333333333333333333333333 
Luxembourg                               64                     537748                 11,2                   
Denmark                                  564                    5383060                10,11833333333333333333333333333333333333 
Argentina                                3073                   39699624               9,34416666666666666666666666666666666667 
Singapore                                329                    3719115                9,1075                 
Mauritius                                202                    2147280                9,05772727272727272727272727272727272727 
Kyrgyzstan                               417                    5195827                8,1975                 
Ecuador                                  1073                   14534024               8,11583333333333333333333333333333333333 
Spain                                    3604                   44186528               8,115                  
United Kingdom                           4910                   61082942               7,22833333333333333333333333333333333333 
Thailand                                 8322                   114703277              7,20318181818181818181818181818181818182 
Puerto Rico                              226                    3469521                7,13166666666666666666666666666666666667 
Georgia                                  192                    3458400                7,05666666666666666666666666666666666667 
Seychelles                               7                      85949                  6,77083333333333333333333333333333333333 
Italy                                    3988                   58117697               6,5375                 
Malta                                    34                     410637                 6,5225                 
Brazil                                   11163                  191087085              6,45416666666666666666666666666666666667 
Colombia                                 2332                   44490427               5,86666666666666666666666666666666666667 
Nicaragua                                315                    5476483                5,8225                 
Mexico                                   6234                   114357884              5,5475                 
Israel                                   342                    7516180                5,4925                 
Greece                                   529                    10331286               4,67166666666666666666666666666666666667 
Cyprus                                   76                     1507381                4,39727272727272727272727272727272727273 
Armenia                                  141                    5195368                3,90181818181818181818181818181818181818 
Panama                                   110                    3583382                3,74166666666666666666666666666666666667 
Guatemala                                494                    14258397               3,7375                 
Turkmenistan                             133                    4886514                2,37333333333333333333333333333333333333 
Turkey                                   1532                   71880464               2,3725                 
Saint Vincent and Grenadines             3                      100948                 2,34                   
Qatar                                    134                    4567268                1,60318181818181818181818181818181818182 
Antigua and Barbuda                      1                      91889                  1,30166666666666666666666666666666666667 
South Africa                             482                    49627460               1,08333333333333333333333333333333333333 
Grenada                                  0                      175904                 0                      
 63 lignes sélectionnées 

