CLASSEMENT_MONDIAL_BONHEUR TX_SC                  NOM_PAYS                                 ANNEE                  
-------------------------- ---------------------- ---------------------------------------- ---------------------- 
113                        1,08333333333333333333333333333333333333 South Africa                             2015                   
28                         1,60318181818181818181818181818181818182 Qatar                                    2015                   
76                         2,3725                 Turkey                                   2015                   
70                         2,37333333333333333333333333333333333333 Turkmenistan                             2015                   
43                         3,7375                 Guatemala                                2015                   
25                         3,74166666666666666666666666666666666667 Panama                                   2015                   
127                        3,90181818181818181818181818181818181818 Armenia                                  2015                   
67                         4,39727272727272727272727272727272727273 Cyprus                                   2015                   
102                        4,67166666666666666666666666666666666667 Greece                                   2015                   
11                         5,4925                 Israel                                   2015                   
14                         5,5475                 Mexico                                   2015                   
57                         5,8225                 Nicaragua                                2015                   
33                         5,86666666666666666666666666666666666667 Colombia                                 2015                   
16                         6,45416666666666666666666666666666666667 Brazil                                   2015                   
37                         6,5225                 Malta                                    2015                   
50                         6,5375                 Italy                                    2015                   
130                        7,05666666666666666666666666666666666667 Georgia                                  2015                   
34                         7,20318181818181818181818181818181818182 Thailand                                 2015                   
21                         7,22833333333333333333333333333333333333 United Kingdom                           2015                   
36                         8,115                  Spain                                    2015                   
48                         8,11583333333333333333333333333333333333 Ecuador                                  2015                   
77                         8,1975                 Kyrgyzstan                               2015                   
71                         9,05772727272727272727272727272727272727 Mauritius                                2015                   
24                         9,1075                 Singapore                                2015                   
30                         9,34416666666666666666666666666666666667 Argentina                                2015                   
3                          10,11833333333333333333333333333333333333 Denmark                                  2015                   
17                         11,2                   Luxembourg                               2015                   
86                         11,35818181818181818181818181818181818182 Romania                                  2015                   
4                          11,36916666666666666666666666666666666667 Norway                                   2015                   
7                          11,56                  Netherlands                              2015                   
27                         12,30666666666666666666666666666666666667 Chile                                    2015                   
26                         12,52833333333333333333333333333333333333 Germany                                  2015                   
2                          12,66909090909090909090909090909090909091 Iceland                                  2015                   
10                         12,84833333333333333333333333333333333333 Australia                                2015                   
8                          13,09727272727272727272727272727272727273 Sweden                                   2015                   
6                          13,4325                Finland                                  2015                   
1                          13,72166666666666666666666666666666666667 Switzerland                              2015                   
60                         13,91583333333333333333333333333333333333 Poland                                   2015                   
15                         14,6175                United States                            2015                   
31                         15,11954545454545454545454545454545454545 Czech Republic                           2015                   
19                         16,38833333333333333333333333333333333333 Belgium                                  2015                   
73                         17,115                 Estonia                                  2015                   
87                         17,16416666666666666666666666666666666667 Serbia                                   2015                   
46                         17,17                  Japan                                    2015                   
13                         17,175                 Austria                                  2015                   
100                        18,439                 Mongolia                                 2015                   
54                         19,835                 Kazakhstan                               2015                   
62                         20,14727272727272727272727272727272727273 Croatia                                  2015                   
111                        20,39333333333333333333333333333333333333 Ukraine                                  2015                   
89                         20,95583333333333333333333333333333333333 Latvia                                   2015                   
55                         22,0675                Slovenia                                 2015                   
32                         22,50166666666666666666666666666666666667 Uruguay                                  2015                   
104                        22,66409090909090909090909090909090909091 Hungary                                  2015                   
56                         33,96363636363636363636363636363636363636 Lithuania                                2015                   
116                        1,08333333333333333333333333333333333333 South Africa                             2016                   
36                         1,60318181818181818181818181818181818182 Qatar                                    2016                   
78                         2,3725                 Turkey                                   2016                   
65                         2,37333333333333333333333333333333333333 Turkmenistan                             2016                   
39                         3,7375                 Guatemala                                2016                   
25                         3,74166666666666666666666666666666666667 Panama                                   2016                   
121                        3,90181818181818181818181818181818181818 Armenia                                  2016                   
69                         4,39727272727272727272727272727272727273 Cyprus                                   2016                   
99                         4,67166666666666666666666666666666666667 Greece                                   2016                   
11                         5,4925                 Israel                                   2016                   
21                         5,5475                 Mexico                                   2016                   
48                         5,8225                 Nicaragua                                2016                   
31                         5,86666666666666666666666666666666666667 Colombia                                 2016                   
17                         6,45416666666666666666666666666666666667 Brazil                                   2016                   
30                         6,5225                 Malta                                    2016                   
50                         6,5375                 Italy                                    2016                   
126                        7,05666666666666666666666666666666666667 Georgia                                  2016                   
15                         7,13166666666666666666666666666666666667 Puerto Rico                              2016                   
33                         7,20318181818181818181818181818181818182 Thailand                                 2016                   
23                         7,22833333333333333333333333333333333333 United Kingdom                           2016                   
37                         8,115                  Spain                                    2016                   
51                         8,11583333333333333333333333333333333333 Ecuador                                  2016                   
85                         8,1975                 Kyrgyzstan                               2016                   
66                         9,05772727272727272727272727272727272727 Mauritius                                2016                   
22                         9,1075                 Singapore                                2016                   
26                         9,34416666666666666666666666666666666667 Argentina                                2016                   
1                          10,11833333333333333333333333333333333333 Denmark                                  2016                   
20                         11,2                   Luxembourg                               2016                   
52                         11,28833333333333333333333333333333333333 Belize                                   2016                   
71                         11,35818181818181818181818181818181818182 Romania                                  2016                   
4                          11,36916666666666666666666666666666666667 Norway                                   2016                   
7                          11,56                  Netherlands                              2016                   
24                         12,30666666666666666666666666666666666667 Chile                                    2016                   
16                         12,52833333333333333333333333333333333333 Germany                                  2016                   
3                          12,66909090909090909090909090909090909091 Iceland                                  2016                   
9                          12,84833333333333333333333333333333333333 Australia                                2016                   
10                         13,09727272727272727272727272727272727273 Sweden                                   2016                   
5                          13,4325                Finland                                  2016                   
2                          13,72166666666666666666666666666666666667 Switzerland                              2016                   
57                         13,91583333333333333333333333333333333333 Poland                                   2016                   
13                         14,6175                United States                            2016                   
27                         15,11954545454545454545454545454545454545 Czech Republic                           2016                   
18                         16,38833333333333333333333333333333333333 Belgium                                  2016                   
72                         17,115                 Estonia                                  2016                   
86                         17,16416666666666666666666666666666666667 Serbia                                   2016                   
53                         17,17                  Japan                                    2016                   
12                         17,175                 Austria                                  2016                   
101                        18,439                 Mongolia                                 2016                   
54                         19,835                 Kazakhstan                               2016                   
74                         20,14727272727272727272727272727272727273 Croatia                                  2016                   
123                        20,39333333333333333333333333333333333333 Ukraine                                  2016                   
68                         20,95583333333333333333333333333333333333 Latvia                                   2016                   
63                         22,0675                Slovenia                                 2016                   
29                         22,50166666666666666666666666666666666667 Uruguay                                  2016                   
91                         22,66409090909090909090909090909090909091 Hungary                                  2016                   
60                         33,96363636363636363636363636363636363636 Lithuania                                2016                   

 110 lignes sélectionnées 

